#---------------------------------------------
matrix: .byte 2,7,34,68,56,89,156,122,135,0,33,122,122,66,18,255
#matrix: .byte 2,11,34,1,156,89,1,122,135,0,1,122,122,1,18,255
#matrix: .byte 7,7,7,7,7,7,7,7,7,7,7,7,7,7,7,7
#matrix: .byte 255,255,255,255,255,255,255,255,255,255,255,255,255,255,255,255
#matrix: .byte 0,0,0,0,0,0,0,0,0,0,0,0,0,0,0,0
#matrix: .byte 0,-1,-76,76,125,-125,0,0,1,-1,255,-128,-3,3,0,0
#matrix: .byte -128,-128,-128,-128,-128,-128,-128,-128,-128,-128,-128,-128,128,128,128,128
#matrix: .byte -128,-128,128,-128,-128,128,-128,-128,-128,128,-128,-128,128,128,-128,128
#---------------------------------------------


for .byte 2,7,34,68,56,89,156,122,135,0,33,122,122,66,18,255:


1) 
002 007 034 068 
056 089 156 122 
135 000 033 122 
122 066 018 255 

2)
002 007 034 068 
056 089 -100 122 
-121 000 033 122 
122 066 018 -001

3)
002 007 042 104 
070 131 234 172 
207 000 041 172 
172 102 022 377

7)
122 066 018 255

8)
122 066 018 -001



for .byte 2,11,34,1,156,89,1,122,135,0,1,122,122,1,18,255:

1)
002 011 034 001 
156 089 001 122 
135 000 001 122 
122 001 018 255

2)
002 011 034 001 
-100 089 001 122 
-121 000 001 122 
122 001 018 -001

3)
002 013 042 001 
234 131 001 172 
207 000 001 172 
172 001 022 377

7)
122 001 018 255

8)
122 001 018 -001 


for : .byte 7,7,7,7,7,7,7,7,7,7,7,7,7,7,7,7:


1)
007 007 007 007 
007 007 007 007 
007 007 007 007 
007 007 007 007

2)
007 007 007 007 
007 007 007 007 
007 007 007 007 
007 007 007 007

3)
007 007 007 007 
007 007 007 007 
007 007 007 007 
007 007 007 007

7)
007 007 007 007 

8)
007 007 007 007 


for .byte 255,255,255,255,255,255,255,255,255,255,255,255,255,255,255,255:

1)
255 255 255 255 
255 255 255 255 
255 255 255 255 
255 255 255 255

2)
-001 -001 -001 -001 
-001 -001 -001 -001 
-001 -001 -001 -001 
-001 -001 -001 -001 

3)
377 377 377 377 
377 377 377 377 
377 377 377 377 
377 377 377 377 

7)
255 255 255 255 

8)
-001 -001 -001 -001 


for .byte 0,0,0,0,0,0,0,0,0,0,0,0,0,0,0,0:

1)
000 000 000 000 
000 000 000 000 
000 000 000 000 
000 000 000 000

2)
000 000 000 000 
000 000 000 000 
000 000 000 000 
000 000 000 000

3)
000 000 000 000 
000 000 000 000 
000 000 000 000 
000 000 000 000

7)
000 000 000 000

8)
000 000 000 000


for .byte 0,-1,-76,76,125,-125,0,0,1,-1,255,-128,-3,3,0,0:

1)
000 255 180 076 
125 131 000 000 
001 255 255 128 
253 003 000 000

2)
000 -001 -076 076 
125 -125 000 000 
001 -001 -001 -128 
-003 003 000 000

3)
000 377 264 114 
175 203 000 000 
001 377 377 200 
375 003 000 000 

7)
001 255 255 128 

8)
125 -125 000 000 


for .byte -128,-128,-128,-128,-128,-128,-128,-128,-128,-128,-128,-128,128,128,128,128:

1)
128 128 128 128 
128 128 128 128 
128 128 128 128 
128 128 128 128 

2)
-128 -128 -128 -128 
-128 -128 -128 -128 
-128 -128 -128 -128 
-128 -128 -128 -128 

3)
200 200 200 200 
200 200 200 200 
200 200 200 200 
200 200 200 200 

7)
128 128 128 128 

8)
-128 -128 -128 -128 


for -128,-128,128,-128,-128,128,-128,-128,-128,128,-128,-128,128,128,-128,128

1)
128 128 128 128 
128 128 128 128 
128 128 128 128 
128 128 128 128

2)
-128 -128 -128 -128 
-128 -128 -128 -128 
-128 -128 -128 -128 
-128 -128 -128 -128 

3)
200 200 200 200 
200 200 200 200 
200 200 200 200 
200 200 200 200 

7)
128 128 128 128 

8)
-128 -128 -128 -128 

